filter
-6.25225e-19
2.95823e-19
0.000845602
-5.23711e-18
-0.00172831
7.69172e-19
0.00232308
-8.72562e-18
-0.00196757
2.17368e-19
-1.67819e-18
5.59946e-18
0.00361199
3.93158e-19
-0.00773058
3.07264e-17
0.0100613
3.99798e-18
-0.00798022
1.4451e-17
-4.22027e-18
-3.22236e-18
0.0127528
-5.53112e-17
-0.0258762
2.79802e-17
0.0324639
-2.55178e-17
-0.0253316
1.08047e-17
-6.76235e-18
1.0507e-17
0.042769
-2.83064e-17
-0.0960841
3.77083e-17
0.148318
-3.49752e-17
-0.186491
3.53753e-17
0.200487
3.53753e-17
-0.186491
-3.49752e-17
0.148318
3.77083e-17
-0.0960841
-2.83064e-17
0.042769
1.0507e-17
-6.76235e-18
1.08047e-17
-0.0253316
-2.55178e-17
0.0324639
2.79802e-17
-0.0258762
-5.53112e-17
0.0127528
-3.22236e-18
-4.22027e-18
1.4451e-17
-0.00798022
3.99798e-18
0.0100613
3.07264e-17
-0.00773058
3.93158e-19
0.00361199
5.59946e-18
-1.67819e-18
2.17368e-19
-0.00196757
-8.72562e-18
0.00232308
7.69172e-19
-0.00172831
-5.23711e-18
0.000845602
2.95823e-19
-6.25225e-19
